1004,4
1004,3
1004,2
1004,1
1004,0
1003,3
1003,2
1003,1
1003,0
0,520
1002,4
1002,3
1002,2
1002,1
1002,0
1001,3
1001,2
1001,1
1001,0
0,519
1000,4
1000,3
1000,2
1000,1
1000,0
999,3
999,2
999,1
999,0
0,518
0,513
0,243
998,4
998,3
998,2
998,1
998,0
997,3
997,2
997,1
997,0
996,35
3,2
3,1
3,3
10,9
10,311
10,277
10,81
10,227
10,135
10,205
10,2
10,3
11,5
11,21
11,7
11,27
11,2
11,3
9,5
9,1
9,7
9,2
9,3
8,14
8,10
8,17
8,4
8,6
8,5
8,1
8,13
8,2
8,3
12,2
12,1
12,3
20,2
20,1
20,3
19,2
19,1
19,3
18,1
18,3
14,3
13,1
13,3
2,2
2,1
2,3
995,4
995,3
995,2
995,1
995,0
993,3
993,2
993,1
993,0
992,3
992,2
992,1
992,0
14,11
14,10
14,9
14,1
14,6
14,2
14,0
11,25
11,13
11,1
